139.9036,-222.1550
135.6057,-221.1550
130.8935,-221.1550
126.5956,-220.1550
121.8835,-220.1550
117.3858,-219.6372
112.8734,-219.1550
108.5755,-218.1550
104.2776,-217.1550
99.9797,-216.1550
95.6818,-215.1550
91.2432,-214.4945
87.0325,-213.2839
82.7880,-212.1550
78.4901,-211.1550
74.1922,-210.1550
70.1899,-208.4412
66.2721,-206.5235
62.1268,-205.1550
58.1437,-203.3950
53.9452,-202.1550
50.0615,-200.1550
45.8046,-199.0560
41.8868,-197.1382
38.2619,-194.5133
34.1125,-193.1550
30.4264,-190.6778
26.3451,-189.1550
22.5909,-186.8422
18.9660,-184.2174
15.0482,-182.2996
11.2244,-180.1550
7.7985,-177.0499
4.1736,-174.4250
0.2558,-172.5072
-3.0761,-169.1752
-6.9514,-167.1550
-10.3259,-163.9255
-13.9508,-161.3006
-17.3599,-158.1550
-20.9076,-155.3438
-24.5325,-152.7189
-27.8645,-149.3869
-31.1965,-146.0549
-34.7074,-143.1550
-38.1533,-140.0981
-41.4853,-136.7661
-44.8173,-133.4341
-48.1492,-130.1021
-51.4812,-126.7701
-54.8132,-123.4382
-58.1654,-120.1550
-61.0630,-117.1884
-64.3949,-113.8564
-67.0198,-110.2316
-70.3518,-106.8996
-73.6838,-103.5676
-76.3087,-99.9427
-79.6406,-96.6107
-82.9726,-93.2788
-86.0964,-89.8605
-88.9295,-86.3219
-92.0964,-82.9216
-94.8863,-79.3650
-98.2183,-76.0331
-101.0964,-72.5131
-103.4681,-69.5266
-107.3858,-71.4444
-110.9752,-74.1550
-114.6356,-76.6941
-118.3284,-79.1550
-122.1782,-81.2368
-125.8031,-83.8616
-129.5653,-86.1550
-133.3457,-88.4043
-137.2635,-90.3220
-140.8884,-92.9469
-144.8061,-94.8647
-148.9838,-96.1550
-152.8675,-98.1550
-156.8523,-99.9109
-161.0491,-101.1550
-165.2737,-102.3322
-169.4843,-103.5429
-173.5287,-105.1550
-177.8266,-106.1550
-182.1245,-107.1550
-186.4225,-108.1550
-190.3062,-108.1550
-194.6041,-109.1550
-199.3162,-109.1550
-204.0283,-109.1550
-207.9660,-109.2853
-212.4696,-108.7818
-216.5079,-107.1550
-220.8058,-106.1550
-224.8087,-104.4427
-228.7265,-102.5249
-232.3513,-99.9000
-235.6833,-96.5681
-239.0153,-93.2361
-242.0964,-89.8002
-244.9721,-86.2792
-247.0964,-82.4470
-249.0964,-78.5633
-251.0964,-74.6796
-252.0964,-70.3817
-253.0964,-66.0837
-254.0964,-61.7858
-255.0964,-57.4879
-256.7788,-53.4726
-260.1107,-50.1406
-263.4427,-46.8087
-266.0676,-43.1838
-268.6925,-39.5589
-270.0964,-35.4283
-271.1138,-31.1376
-272.3244,-26.9269
-273.0964,-22.5345
-273.3316,-17.9198
-272.9435,-14.0020
-268.7328,-13.5185
-266.1080,-17.1434
-262.7760,-20.4754
-259.1511,-23.1003
-255.5262,-25.7251
-251.8206,-28.1550
-247.5227,-29.1550
-243.1872,-30.0642
-238.9268,-29.1550
-235.0431,-27.1550
-231.1594,-25.1550
-227.8090,-21.8675
-224.4770,-18.5355
-221.8521,-14.9107
-219.2272,-11.2858
-217.3095,-7.3680
-215.3917,-3.4503
-213.4739,0.4675
-211.5562,4.3853
-210.0964,8.4928
-208.0964,12.3765
-205.8029,16.1386
-203.1780,19.7635
-201.2602,23.6812
-199.3425,27.5990
-197.4247,31.5168
-195.0964,35.2645
-192.8821,39.0594
-190.2572,42.6843
-187.6323,46.3091
-185.0074,49.9340
-181.6755,53.2660
-179.0506,56.8909
-175.5621,59.8450
-172.0937,62.8477
-168.4688,65.4726
-164.3252,66.8450
-160.6333,69.3081
-157.0084,71.9330
-153.0907,73.8508
-149.2046,75.8450
-145.3209,77.8450
-141.4372,79.8450
-137.5535,81.8450
-133.5018,83.4396
-129.3718,84.8450
-125.4881,86.8450
-121.1902,87.8450
-117.3065,89.8450
-113.3272,91.6142
-109.1249,92.8450
-105.1988,94.7427
-101.2810,96.6604
-97.0596,97.8450
-93.1759,99.8450
-89.2348,101.7066
-85.4084,103.8450
-81.3993,105.5422
-77.2268,106.8450
-73.5637,109.3777
-69.8736,111.8450
-66.0211,113.9203
-62.1062,115.8450
-58.2225,117.8450
-54.5607,120.3808
-50.8693,122.8450
-49.0964,126.3701
-50.6783,130.4270
-53.0964,134.1375
-55.2210,137.9696
-57.8458,141.5945
-60.4707,145.2193
-63.0956,148.8442
-65.7205,152.4691
-68.3453,156.0940
-71.6773,159.4259
-75.0093,162.7579
-77.6342,166.3828
-80.9662,169.7148
-84.2981,173.0468
-87.6301,176.3787
-90.9621,179.7107
-94.5870,182.3356
-97.9190,185.6676
-101.5438,188.2925
-104.8758,191.6244
-108.5007,194.2493
-112.1256,196.8742
-115.7504,199.4991
-119.3753,202.1239
-123.0002,204.7488
-126.6251,207.3737
-130.3135,209.8450
-134.1972,211.8450
-138.0855,213.8341
-142.2961,215.0448
-143.0964,219.4254
-139.6324,221.8450
-135.5576,220.3062
-131.4507,218.8450
-127.1528,217.8450
-122.9256,216.6743
-118.9712,214.8450
-114.6733,213.8450
-110.3754,212.8450
-106.0830,211.8316
-102.1937,209.8450
-97.9546,208.7032
-94.0121,206.8450
-89.8261,205.5748
-85.8305,203.8450
-81.6977,202.4463
-77.7799,200.5286
-73.8622,198.6108
-69.9444,196.6930
-66.0266,194.7753
-62.1140,192.8450
-58.2303,190.8450
-58.0964,194.5948
-60.0964,198.4785
-62.4621,202.2108
-65.0870,205.8356
-67.0048,209.7534
-69.6296,213.3783
-72.2545,217.0032
-74.8794,220.6280
-77.5043,224.2529
-80.1291,227.8778
-83.4611,231.2098
-86.0964,234.8303
-89.7109,237.4595
-92.3357,241.0844
-95.9606,243.7093
-99.2926,247.0412
-102.6246,250.3732
-104.9434,253.6920
-101.6114,250.3600
-98.2794,247.0280
-94.9474,243.6961
-91.3225,241.0712
-88.6977,237.4463
-85.7799,234.5285
-82.4479,231.1966
-79.8231,227.5717
-76.4911,224.2397
-73.8662,220.6148
-71.2413,216.9900
-68.6164,213.3651
-66.0964,209.6968
-64.0738,205.8224
-62.0964,201.9294
-59.5312,198.2798
-57.6134,194.3620
-58.0774,190.8450
-62.2936,192.0423
-66.2114,193.9600
-69.8363,196.5849
-74.0265,197.8450
-77.9102,199.8450
-81.7939,201.8450
-85.6776,203.8450
-89.7180,205.4666
-93.8592,206.8450
-97.8464,208.5951
-102.0408,209.8450
-105.9749,211.7235
-110.2224,212.8450
-114.5204,213.8450
-118.8183,214.8450
-122.8175,216.5661
-127.0282,217.7768
-131.2978,218.8450
-135.5957,219.8450
-139.4795,221.8450
-142.9921,218.9493
-141.2829,215.0316
-137.3652,213.1138
-133.1786,211.8450
-129.2948,209.8450
-125.8254,206.8450
-121.9870,204.7356
-118.3621,202.1107
-114.7372,199.4859
-111.1124,196.8610
-107.4875,194.2361
-103.8626,191.6112
-100.5306,188.2793
-96.9058,185.6544
-93.5738,182.3224
-89.9489,179.6975
-86.6169,176.3655
-83.2849,173.0336
-79.9530,169.7016
-76.6210,166.3696
-73.9961,162.7447
-70.6641,159.4127
-68.0392,155.7879
-65.0964,152.2947
-62.0824,148.8310
-59.4575,145.2061
-56.8326,141.5813
-54.2078,137.9564
-52.2900,134.0386
-50.0964,130.2351
-49.0964,125.9372
-49.8880,122.8450
-53.5739,120.3676
-57.2412,117.8450
-61.1249,115.8450
-65.0343,113.9071
-68.8923,111.8450
-72.5769,109.3645
-76.4947,107.4467
-80.4125,105.5290
-84.4271,103.8450
-88.2480,101.6934
-92.1945,99.8450
-96.0782,97.8450
-100.2942,96.6472
-104.2599,94.8450
-108.1436,92.8450
-112.3404,91.6010
-116.3252,89.8450
-120.4688,88.4726
-124.5068,86.8450
-128.3905,84.8450
-132.6884,83.8450
-136.5721,81.8450
-140.4558,79.8450
-144.3395,77.8450
-148.4790,76.4625
-152.1070,73.8450
-156.0216,71.9198
-159.6465,69.2949
-163.3439,66.8450
-167.4820,65.4594
-171.1069,62.8345
-174.7318,60.2097
-178.0638,56.8777
-181.0964,53.4217
-184.0206,49.9208
-186.6455,46.2960
-189.9775,42.9640
-192.0964,39.1295
-194.5201,35.4213
-197.0964,31.7763
-199.0628,27.8787
-201.0964,24.0089
-202.8983,20.0432
-205.0964,16.2415
-207.4409,12.5005
-209.3587,8.5827
-211.2765,4.6650
-213.0964,0.7067
-215.0964,-3.1770
-215.8701,-7.3812
-213.2453,-9.3038
-209.8374,-6.1550
-205.9955,-4.0541
-202.0700,-2.1550
-197.7721,-1.1550
-193.4742,-0.1550
-188.7621,-0.1550
-184.0499,-0.1550
-179.5600,-0.6914
-175.3493,-1.9020
-171.1562,-3.1550
-167.2209,-5.0305
-163.3031,-6.9482
-159.5051,-9.1550
-155.7605,-11.4909
-152.1519,-14.1550
-148.6824,-17.1550
-145.1788,-20.0726
-141.5539,-22.6975
-138.2219,-26.0295
-134.8899,-29.3614
-131.5579,-32.6934
-128.2260,-36.0254
-125.6011,-39.6503
-122.2691,-42.9823
-119.6442,-46.6071
-116.3123,-49.9391
-113.6874,-53.5640
-111.0625,-57.1889
-107.7305,-60.5208
-105.0964,-64.1419
-103.0964,-68.0256
-101.0964,-71.9093
-97.9381,-75.3132
-94.6062,-78.6452
-91.9813,-82.2701
-88.6493,-85.6021
-86.0244,-89.2269
-82.6924,-92.5589
-79.3605,-95.8909
-76.0964,-99.2510
-73.4036,-102.8478
-70.0716,-106.1797
-66.7396,-109.5117
-64.1148,-113.1366
-60.7828,-116.4686
-58.1579,-120.0935
-54.5330,-122.7183
-51.2011,-126.0503
-47.8691,-129.3823
-44.5371,-132.7143
-41.2051,-136.0463
-37.8731,-139.3782
-34.5412,-142.7102
-30.9163,-145.3351
-27.5843,-148.6671
-24.2523,-151.9991
-20.8474,-155.1550
-17.2955,-157.9559
-13.6706,-160.5808
-10.0457,-163.2057
-6.7137,-166.5376
-3.0857,-169.1550
0.5360,-171.7874
4.2675,-174.1550
8.0787,-176.3300
11.4106,-179.6620
15.3284,-181.5798
19.2462,-183.4975
22.8576,-186.1550
26.4959,-188.7473
30.6250,-190.1550
34.3315,-192.5828
38.3924,-194.1550
42.1670,-196.4184
46.0848,-198.3361
50.0435,-200.1550
53.9272,-202.1550
58.2251,-203.1550
62.1088,-205.1550
66.4068,-206.1550
70.2905,-208.1550
74.1742,-210.1550
78.4721,-211.1550
82.7700,-212.1550
87.0198,-213.2712
91.2305,-214.4818
95.6638,-215.1550
99.9617,-216.1550
104.2596,-217.1550
108.5575,-218.1550
112.8554,-219.1550
117.3731,-219.6245
121.8655,-220.1550
126.5776,-220.1550
130.8755,-221.1550
135.5877,-221.1550
139.8909,-222.1422
144.5977,-222.1550
149.3099,-222.1550
154.0220,-222.1550
158.7341,-222.1550
163.0320,-221.1550
167.7442,-221.1550
172.4563,-221.1550
176.5051,-219.5535
176.5835,-216.1550
172.4666,-214.7179
167.9876,-214.1550
163.6897,-213.1550
159.3918,-212.1550
155.0381,-211.2895
150.5346,-210.7859
146.0838,-210.1550
141.8204,-209.0717
137.6097,-207.8611
133.6043,-206.1550
129.3063,-205.1550
125.0084,-204.1550
121.0599,-202.3113
116.9804,-201.1550
121.2783,-202.1550
125.1620,-204.1550
129.4599,-205.1550
133.7578,-206.1550
138.0112,-207.2626
141.9395,-209.1550
146.2374,-210.1550
150.6432,-210.8945
155.1467,-211.3981
159.5454,-212.1550
163.8433,-213.1550
168.1412,-214.1550
172.5752,-214.8265
176.7370,-216.1550
177.5178,-219.5407
173.4743,-221.1550
168.7622,-221.1550
164.0500,-221.1550
159.7521,-222.1550
155.0400,-222.1550
150.3279,-222.1550
145.6157,-222.1550
